32.784965
32.782656
32.764181
32.765336
32.784965
32.806899
32.823057
32.829981
32.842674
32.848442
32.872667
32.887660
32.892273
32.906109
32.916485
32.936081
32.933776
32.954520
32.967195
32.986780
32.978716
33.001753
33.000602
32.997146
32.961434
33.000602
33.031693
33.083487
33.082337
33.128351
33.170893
33.211116
33.312168
33.339707
33.386733
33.419980
33.448631
33.472690
33.495598
33.524224
33.582591
33.614619
33.636346
33.664925
33.707205
33.749464
33.779147
33.881817
33.926269
33.961586
34.000304
34.044694
34.108393
34.159545
34.201581
34.271971
34.312816
34.338900
34.376312
34.434098
34.466939
34.513346
34.552942
34.569906
34.567645
34.581214
34.558597
34.637728
34.664841
34.759666
34.788995
34.804783
34.883678
34.933230
34.989504
35.012002
35.047987
35.124402
35.171563
35.160337
35.211966
35.196256
35.234403
35.220941
35.288227
35.391289
35.442771
35.516579
35.536696
35.525521
35.583618
35.648369
35.670685
35.655065
35.730907
35.782171
35.848987
35.844535
35.877924
35.844535
35.851213
35.875698
35.815586
35.851213
35.862344
35.909074
36.026889
36.053540
36.124565
36.244273
36.242058
36.319551
36.379279
36.427912
36.452218
36.525088
36.608914
36.697053
36.705862
36.699255
36.736683
36.703660
36.701458
36.697053
36.778492
36.833470
36.908176
36.888408
36.829073
36.835668
36.993778
37.024484
37.015712
37.037640
36.927939
36.974033
37.000359
36.945502
36.888408
36.714669
36.758691
36.743286
36.589068
36.447799
36.297418
36.233197
36.180008
36.182225
36.011339
35.966892
35.848987
35.768801
35.713068
35.697456
35.699686
35.610418
35.538931
35.521050
35.458433
35.460670
35.509872
35.471855
35.565746
35.545636
35.721988
35.762115
35.837855
35.884600
35.962446
35.909074
35.973561
35.955777
35.882374
35.773258
35.630512
35.619349
35.418153
35.561278
35.431582
35.355456
35.194012
35.115415
34.894942
34.707751
34.682911
34.610606
34.472599
34.465806
34.243595
34.095885
33.998027
33.984364
34.025348
33.959308
33.740329
33.671783
33.614619
33.619194
33.369531
33.259360
33.172043
33.240985
33.181238
33.027088
32.932623
32.872667
32.748013
32.519026
32.542183
32.426340
32.340521
32.468061
32.579221
32.676373
32.593106
32.273200
32.379961
32.273200
32.187236
31.996430
31.928855
31.763202
31.601931
31.484893
31.433350
31.280898
31.445067
31.344254
31.149357
31.019987
31.027048
30.942280
30.968189
30.970544
30.876298
30.760719
30.800833
30.734754
30.588273
30.557531
30.448674
30.460512
30.401307
30.315988
30.232968
30.225848
30.173625
30.116622
29.954935
29.935895
29.795368
29.745302
29.616446
29.487425
29.406105
29.303166
29.202521
29.137768
29.128172
28.981715
28.979312
28.909610
28.820613
28.810987
28.705043
28.637568
28.632747
28.678540
28.625514
28.531449
28.463862
28.417975
28.347899
28.277777
28.205188
28.168875
28.157979
28.113171
28.086520
27.999252
27.984700
27.892494
27.848790
27.873073
27.911913
27.924047
27.851219
27.805069
27.741885
27.671367
27.690824
27.705415
27.627574
27.559417
27.491218
27.491218
27.491218
27.466851
27.440040
27.449790
27.405909
27.374206
27.325415
27.357132
27.474161
27.464414
27.349813
27.418100
27.437603
27.432728
27.510707
27.442478
27.391278
27.371767
27.347374
27.318095
27.215556
27.112923
27.049342
27.002855
26.929416
26.877981
26.868181
26.797106
26.750516
26.738252
26.765231
26.819169
26.868181
26.819169
26.750516
26.662187
26.632729
26.603263
26.590983
26.566420
26.614313
26.646231
26.664641
26.627818
26.606947
26.584843
26.615541
26.613086
26.590983
26.536937
26.491470
26.471802
26.452132
26.437377
26.486553
26.525879
26.582387
26.582387
26.492699
26.448443
26.401711
26.399250
26.370955
26.354959
26.405401
26.433688
26.412780
26.386949
26.425079
26.410321
26.464426
26.438606
26.479178
26.432458
26.385719
26.356190
26.427539
26.502531
26.567648
26.629046
26.723534
26.844903
26.891454
26.979605
27.030994
27.053011
27.120257
27.167917
27.242421
27.325415
27.368109
27.421757
27.488781
27.559417
27.644606
27.728514
27.814786
27.846362
27.881570
27.956804
27.948312
27.982275
28.033198
28.101058
28.071980
27.996827
27.916767
27.805069
27.693256
27.578895
27.452228
27.303452
27.220441
27.142257
26.956350
26.897578
26.799558
26.828973
26.745610
26.779943
26.892679
26.775039
26.770135
26.775039
26.784847
26.892679
26.838776
27.283926
27.498527
27.732161
27.858504
28.091366
28.430053
28.671311
29.017748
29.315141
29.065773
29.343875
28.748397
28.343065
28.207609
27.877928
27.576460
27.137368
27.098254
27.352253
27.196014
26.657278
26.470573
26.027170
25.492868
25.185059
25.105497
24.487149
23.845650
23.946096
24.056496
23.382598
22.988738
22.705255
22.228090
21.932855
22.116177
21.973614
21.973614
22.390714
22.781246
23.221155
23.286765
23.624395
23.730041
23.624395
23.714954
23.453168
23.397724
23.256487
23.089838
22.973567
23.236299
23.130257
23.301901
23.493477
23.730041
23.855698
23.971195
24.121689
24.076559
24.226929
24.141741
24.352101
24.397133
24.517139
24.671978
24.891419
24.841581
24.946219
25.035839
25.125393
25.170145
25.145285
25.185059
25.165173
25.170145
25.219851
25.289405
25.319201
25.537485
25.790000
26.022234
26.194877
26.150507
25.977799
26.027170
26.096255
26.254010
26.431228
26.254010
26.249083
26.303264
26.465656
26.603263
26.460738
26.431228
26.229375
26.120918
25.913585
25.785053
25.636574
25.473033
25.512700
25.294371
25.175117
25.195000
24.971120
24.936257
24.661994
24.467151
24.397133
24.417142
24.417142
24.302047
24.151766
23.991271
23.835601
23.654588
23.468285
23.281719
23.200961
23.008964
22.836946
22.720457
22.558220
22.461802
22.289096
22.151796
21.927759
21.892084
21.718680
21.606365
21.611472
21.647217
21.932855
22.050005
21.902278
21.698265
21.596151
21.570611
21.790107
21.611472
21.652323
21.565502
21.509296
21.552730
21.499075
21.605089
21.611472
21.562948
21.531015
21.569333
21.654875
21.652323
21.776080
21.872969
21.958330
22.079277
22.014361
21.930307
21.857675
21.795208
21.727610
21.674020
21.625516
21.608919
21.561671
21.599981
21.568056
21.557839
21.548898
21.511851
21.469684
21.401934
21.331594
21.239462
21.140869
21.047336
20.901154
20.907569
20.836994
20.839561
20.774091
20.712446
20.640495
20.590367
20.523503
20.442455
20.379389
20.304705
20.262197
20.222254
20.169411
20.090758
20.039160
19.981093
19.946242
19.910092
19.877809
19.845519
19.819682
19.796425
19.762826
19.746024
19.704658
19.672332
19.646468
19.602488
19.571436
19.532613
19.491191
19.448464
19.400545
19.360385
19.316327
19.274851
19.234660
19.191866
19.150357
19.111434
19.058224
18.997206
18.938763
18.898491
18.841314
18.788017
18.724300
18.680073
18.654052
18.592887
18.553834
18.521283
18.471794
18.413170
18.351919
18.314115
18.274998
18.231960
18.192825
18.175864
18.143242
18.118445
18.077979
18.046644
18.004856
17.965670
17.933009
17.901648
17.867668
17.832374
17.790535
17.747379
17.702903
17.654491
17.620464
17.572030
17.551081
17.519654
17.496080
17.477742
17.454163
17.422718
17.386027
17.359814
17.333597
17.307377
17.271973
17.244433
17.199834
17.144727
17.106668
17.069913
17.026586
16.975368
16.932019
16.887346
16.851862
16.841348
16.778246
16.716439
16.661191
16.637508
16.584869
16.548013
16.515099
16.488765
16.458476
16.429499
16.400518
16.382074
16.362310
16.334636
16.312232
16.332001
16.342543
16.350450
16.351768
16.345179
16.320139
16.291142
16.254231
16.217312
16.172473
16.118389
16.076166
16.033935
15.998295
15.946805
15.916432
15.884734
15.851710
15.801504
15.753928
15.720882
15.710307
15.702375
15.756571
15.837178
15.884734
15.879451
15.866242
15.846426
15.817360
15.792254
15.759214
15.716917
15.669321
15.629649
15.587325
15.523821
15.469563
15.421910
15.386164
15.349086
15.305380
15.265638
15.211313
15.172879
15.114553
15.053558
15.003158
14.947439
14.887723
14.833302
14.788161
14.745667
14.701837
14.640725
14.584912
14.513133
14.453299
14.382807
14.322937
14.269707
14.217795
14.153887
14.095289
14.044670
13.992706
13.943397
13.880746
13.812743
13.768731
13.680682
13.612621
13.553887
13.487125
13.424352
13.352210
13.288065
13.233261
13.158388
13.090179
13.039345
12.988500
12.928276
12.873392
12.815819
12.771625
12.711349
12.667137
12.625598
12.580031
12.522391
12.479487
12.424507
12.373539
12.321219
12.264864
12.212522
12.153458
12.107809
12.056780
12.021860
11.980218
11.919759
11.867351
11.801490
11.766537
11.714099
11.668376
11.613229
11.551344
11.496174
11.450415
11.391187
11.330600
11.275387
11.210734
11.155498
11.098904
11.038255
10.972202
10.920966
10.850840
10.784745
10.725381
10.664657
10.614718
10.548572
10.493213
10.421638
10.368958
10.306813
10.285194
10.268979
10.279789
10.286545
10.308164
10.310866
10.294652
10.260871
10.220328
10.168967
10.113542
10.074333
9.9998992
32.721443
32.680996
32.656720
32.605832
32.565333
32.523658
32.487755
32.480805
32.493547
32.485438
32.466902
32.459950
32.499338
32.470378
32.452997
32.421703
32.426340
32.385760
32.385760
32.371843
32.346322
32.317312
32.296420
32.280167
32.231390
32.211639
32.176775
32.146548
32.098863
32.084902
32.068611
32.067447
32.051153
32.031363
32.046497
32.060464
32.013898
31.990607
31.960318
31.944005
31.931186
31.913702
31.883388
31.869394
31.840233
31.809895
31.781882
31.752693
31.731671
31.715318
31.681433
31.646367
31.613627
31.542260
31.509484
31.490749
31.453268
31.425148
31.407568
31.377089
31.341909
31.307888
31.258596
31.226894
31.188134
31.147006
31.122321
31.078813
31.097630
31.132901
31.130550
31.118794
31.082342
31.043522
31.031755
31.045875
31.001155
30.965834
30.948169
30.914007
30.879834
30.844468
30.833856
30.794935
30.770159
30.732393
30.712323
30.666266
30.628459
30.604822
30.553983
30.517315
30.520864
30.485367
30.440386
30.396569
30.355101
30.318359
30.266184
30.199740
30.157002
30.124937
30.088108
30.061963
30.045322
30.026300
30.012031
29.985866
29.964453
29.937085
29.888281
29.840644
29.809668
29.765569
29.728607
29.685667
29.641514
29.592565
29.550761
29.510135
29.468297
29.426441
29.383372
29.342678
29.305561
29.261243
29.225295
29.197726
29.162955
29.101777
29.028556
28.992526
28.972104
28.946871
28.906004
28.875945
28.848282
28.818206
28.786918
28.759232
28.664081
28.602609
28.551957
28.506109
28.417975
28.388984
28.320098
28.266892
28.228180
28.167665
28.122861
27.961656
27.875500
27.869431
27.833004
27.727298
27.704200
27.721220
27.825717
27.917980
27.988338
28.030773
28.010164
27.932541
27.900990
27.806284
27.559417
27.496090
27.386401
27.270499
27.183799
27.002855
26.808138
26.743158
26.649914
26.598351
26.576246
26.603263
26.589755
26.550451
26.479178
26.368494
26.295877
26.254010
26.168997
26.085155
25.940757
25.832033
25.726921
25.677424
25.687325
25.712074
25.713312
25.673711
25.526332
25.397382
25.335338
25.275745
25.151500
24.930031
24.690696
24.637031
24.595831
24.545874
24.528384
24.449650
24.435898
24.419643
24.385877
24.379623
24.339589
24.354603
24.284523
24.264493
24.223172
24.208142
24.226929
24.254477
24.349599
24.402136
24.413391
24.348348
24.294537
24.196869
24.163043
24.168055
24.285775
24.258233
24.270753
24.265745
24.275761
24.226929
24.266997
24.214405
24.295789
24.274509
24.201879
24.303299
24.288279
23.971195
23.963666
23.971195
23.932289
23.893372
23.892116
23.868257
23.790371
23.742612
23.670940
23.590419
23.563987
23.608037
23.585385
23.490958
23.450648
23.383859
23.335951
23.238822
23.080995
22.842008
22.828086
22.774915
22.748322
22.845805
22.871114
22.920453
22.967245
22.914128
22.883767
22.712856
22.560757
22.550611
22.527780
22.464340
22.484644
22.409759
22.464340
22.554416
22.545538
22.484644
22.479568
22.432610
22.378016
22.319589
22.238260
22.099637
21.895907
21.630622
21.536124
21.229222
21.075530
20.913983
20.757398
20.690607
20.700885
20.848545
20.898588
21.046055
21.203618
21.605089
21.598066
21.562309
21.510574
21.495880
21.469684
21.426864
21.385951
72.588730
21.319441
21.213220
21.112047
21.098594
21.071045
21.047977
20.926169
20.899871
20.818383
20.579439
20.549866
20.495848
20.442455
20.390331
20.349777
20.301486
20.300198
20.258976
20.242871
20.200990
20.121708
20.075925
20.078505
19.986900
19.959796
19.936560
19.859727
19.857144
19.824204
19.738915
19.696254
19.610250
19.590844
19.587610
19.522906
19.504137
19.487308
19.456234
19.377875
19.332526
19.301423
19.274851
19.196405
19.132194
19.138033
19.091320
19.072501
19.048488
19.025770
18.989415
18.949804
18.954999
18.932269
18.917979
18.893944
18.921227
18.954999
18.986818
19.006944
18.996557
18.997206
18.956298
18.942660
18.918628
18.902389
18.909534
18.899790
18.870555
18.843913
18.819867
18.791268
18.797118
18.799718
18.763313
18.728201
18.698285
18.670316
18.642992
18.623472
18.547325
18.531049
18.521934
18.505006
18.491982
18.459419
18.422290
18.398836
18.364301
18.347357
18.307596
18.285430
18.276954
18.234569
18.216307
18.194130
18.160206
18.127581
18.069493
18.050561
18.023139
17.984611
17.966323
17.930396
17.903609
17.887273
17.850676
17.830413
17.800342
17.752610
17.721218
17.704539
17.692110
17.667577
17.653183
17.638460
17.620464
17.601157
17.590358
17.575303
17.571375
17.563847
17.556319
17.537660
17.517689
17.464970
17.456128
17.441061
17.427632
17.414201
17.404373
17.386027
17.387992
17.382750
17.370299
17.351949
17.334908
17.326059
17.304099
17.304427
17.267056
17.270662
17.247712
17.226070
17.213936
17.194259
17.183107
17.163098
17.117168
17.106668
17.092885
17.077790
17.062364
17.045625
17.035121
17.044968
17.024288
17.024616
17.003605
16.990472
16.983905
16.962890
16.952053
16.931362
16.915268
16.895230
16.876833
16.854162
16.833790
16.815058
16.806513
16.791065
16.776603
16.759838
16.745044
16.726632
16.711507
16.698025
16.685199
16.658888
16.643100
16.602636
16.575655
16.555911
16.535506
16.509174
16.460451
16.393931
16.360992
16.335295
16.293779
16.222586
16.185002
16.110473
16.053732
16.017436
15.985094
15.952086
15.937561
15.917093
15.891338
15.851050
15.814056
15.778378
15.754589
15.743354
15.722204
15.698409
15.669982
15.619730
15.601214
15.569466
15.545653
15.490739
15.493386
15.480813
15.458313
15.456327
15.429191
15.400728
15.406024
15.406024
15.394108
15.392122
15.376895
15.365639
15.370274
15.337829
15.295445
15.262989
15.224564
15.182820
15.145707
15.125159
15.105935
15.090687
15.072787
15.053558
15.025707
15.011780
14.966677
14.942131
14.917583
14.908957
14.895686
14.879096
14.845913
14.838612
14.803430
14.796791
14.776210
14.770899
14.752971
14.731722
14.717776
14.739027
14.748323
14.727738
14.703165
14.676597
14.656005
14.619465
14.601525
14.560989
14.541050
14.519115
14.517121
14.521774
14.507815
14.473910
14.445984
14.419385
14.417390
14.382141
14.356865
14.325599
14.302977
14.296324
14.285012
14.269707
14.256730
14.242089
14.230441
14.217462
14.199823
14.199157
14.187175
14.174526
14.164207
14.155552
14.142901
14.128252
14.116266
14.107276
14.094290
14.085965
14.073644
14.058991
14.044670
14.026351
14.016025
14.006698
13.996704
13.986377
13.979047
13.971718
13.965388
13.956725
13.948062
13.951727
13.945063
13.949062
13.938732
13.927736
13.924070
13.910074
13.897410
13.886079
13.877080
13.869747
13.853414
13.828079
13.810076
13.792739
13.776734
13.753058
13.734716
13.720708
13.708368
13.693691
13.680348
13.672342
13.664336
13.654327
13.635644
13.626635
13.611954
13.597939
13.584924
13.573911
13.480448
13.432367
13.385612
13.349537
13.334839
13.298757
13.269353
13.239945
13.203850
13.181120
13.158388
13.123617
13.102218
13.076803
13.038007
13.003220
12.971104
12.933630
12.898828
12.877409
12.846616
12.823853
12.795062
12.772295
12.754213
12.731442
12.712688
12.691253
12.657758
12.636318
12.610856
12.585392
12.545180
12.511665
12.482169
12.456692
12.419142
12.386952
12.349393
12.319878
12.293043
12.262180
12.233997
12.197758
12.153458
12.113180
12.076924
12.051408
12.013801
12.020517
11.992308
11.960067
11.922447
11.882134
11.845847
11.853911
11.813588
11.788047
11.765192
11.743681
11.719478
11.688549
11.661651
11.636096
11.606503
11.568835
11.523088
11.480025
11.466566
11.449069
11.423495
11.370992
11.329253
11.305014
11.283467
11.244409
11.216122
11.189180
11.154151
11.131245
11.113727
11.094861
11.067907
11.046343
11.018037
10.992424
10.964112
10.934450
10.902088
10.876465
10.849491
10.817120
10.776650
10.746969
10.721333
10.694346
10.664657
10.640363
10.612019
10.586372
10.570172
10.540471
10.516168
10.491863
10.466206
10.439196
10.409482
10.385168
10.366257
10.341940
10.314919
10.283843
10.258168
10.229789
10.205462
10.178429
10.150043
10.128413
10.097318
10.070277
10.044585
10.016187
9.983728
9.959383
9.930977
9.893099
9.867393
9.826801
9.811916
9.784851
9.755077
9.721239
9.686045
9.653554
9.623768
9.588563
9.552000
9.515434
9.478863
9.440934
9.412484
9.386742
9.352868
9.323056
9.298662
9.267490
9.233604
9.210560
9.192937
9.168534
9.140063
9.111589
9.079044
9.061414
9.028865
9.007164
8.978680
8.932557
8.902710
8.883715
8.875574
8.851150
8.828081
8.806368
8.777868
8.757509
8.739864
8.720861
8.714074
8.695069
8.676064
8.655699
8.635334
8.619041
8.602747
8.576947
8.576947
8.557936
8.542998
8.522626
8.502254
8.488672
8.473731
8.439772
8.423470
8.399017
8.370486
8.358258
8.340594
8.322930
8.305265
8.293035
8.271291
8.264496
8.245469
8.226441
8.215568
8.197898
8.177509
8.167993
8.153040
8.139446
8.121772
8.125851
8.117694
8.102739
8.101379
8.094581
8.091862
8.089143
8.085064
8.075546
8.076906
8.078265
8.071127
8.088293
8.104608
8.123642
8.146753
8.154909
8.172581
8.231029
8.245979
8.266365
8.297621
8.327516
8.351974
8.369637
8.381865
8.417187
8.457940
8.479673
8.502763
8.534000
8.572025
8.608688
8.661639
8.703723
8.739016
8.732229
8.744445
8.770234
8.789234
8.781091
8.823162
8.881510
8.927639
8.966980
8.991396
9.021236
9.061923
9.098537
9.116165
9.124301
9.127012
9.156841
9.181244
9.185311
9.200224
9.221913
9.234113
9.251734
9.250378
9.267998
9.267998
9.266643
9.261221
9.257155
9.265288
9.272064
9.266643
9.238179
9.224624
9.246312
9.258511
9.239535
9.227335
9.200224
9.164976
9.202935
9.217846
9.246312
9.269354
9.301881
9.320854
9.316788
9.299170
9.292394
9.291039
9.282907
9.288328
9.295105
9.291039
9.297815
9.319498
9.350666
9.373701
9.396734
9.421121
9.444151
9.473953
9.484789
9.498334
9.536257
9.576884
9.617506
9.640523
9.686552
9.728515
9.759645
9.777239
9.796185
9.830015
9.899525
9.924720
9.957185
9.981531
10.008580
10.026160
10.050501
10.077544
10.111345
10.165419
10.195156
10.214078
10.239756
10.265431
10.291105
10.305968
10.316777
10.307319
10.288403
10.282998
10.273539
10.268134
10.281647
10.301915