74.422760
74.404906
74.362335
74.333496
74.310150
74.314270
74.279938
74.264832
74.220886
74.209900
74.181061
74.149475
74.094543
74.060211
74.057465
74.003906
74.009399
73.975067
73.962708
73.942108
73.903656
73.865204
73.828125
73.796539
73.788300
73.748474
33.083487
73.639984
73.639984
73.667450
73.642731
73.593292
73.574066
73.576813
73.598785
73.634491
73.619385
73.605652
73.634491
73.607025
73.571320
73.582306
73.567200
73.605652
73.594666
73.564453
73.594666
73.563080
73.538361
73.515015
73.509521
73.499908
73.493042
73.498535
73.462830
73.443604
73.427124
73.401031
73.432617
73.429871
73.429871
73.446350
73.454590
73.521881
73.553467
73.633118
73.685303
34.664841
73.731995
73.811646
73.916016
74.034119
74.072571
74.064331
74.108276
74.072571
74.119263
73.992920
73.951721
73.916016
73.866577
73.800659
73.745728
73.712769
73.707275
73.792419
73.797913
73.616638
73.421631
73.402405
73.339233
73.276062
73.226624
73.116760
73.207397
73.174438
73.135986
73.092041
73.037109
72.919006
72.833862
72.748718
72.699280
72.594910
72.512512
72.581177
72.528992
72.548218
72.586670
72.685547
72.800903
72.875061
72.866821
72.971191
73.053589
73.089294
73.067322
73.171692
73.317261
73.421631
73.583679
73.715515
73.861084
73.861084
73.712769
73.685303
73.814392
73.979187
74.116516
74.432373
74.564209
74.723511
74.838867
74.910278
74.962463
75.157471
75.242615
75.396423
75.462341
75.544739
75.701294
75.937500
76.110535
76.286316
76.459351
76.580200
76.648865
76.788940
76.723022
76.827393
77.019653
77.151489
77.310791
77.409668
77.448120
77.442627
77.343750
77.437134
77.676086
77.805176
77.920532
77.997437
78.151245
78.266602
78.445129
78.667603
78.810425
78.851624
79.024658
79.343262
79.436646
79.552002
79.620667
79.711304
79.955750
80.073853
80.200195
80.425415
80.288086
80.271606
80.197449
80.211182
80.076599
79.903564
79.799194
79.796448
79.546509
79.606934
79.425659
79.370728
79.109802
78.988953
78.901062
79.024658
79.013672
79.087830
78.917542
78.936768
79.046631
79.148254
79.230652
79.400940
79.332275
79.367981
79.464111
79.560242
79.414673
79.291077
79.123535
78.964233
78.791199
78.766479
78.741760
78.596191
78.417664
78.467102
78.502808
78.596191
78.741760
78.769226
78.711548
78.837891
78.719788
78.777466
78.862610
79.076843
79.211426
79.324036
79.428406
79.497070
79.579468
79.694824
79.856873
79.939270
80.123291
80.175476
80.233154
80.208435
80.318298
80.543518
80.598450
80.705566
80.812683
81.018677
80.939026
80.870361
80.837402
80.672607
80.584717
80.496826
80.373230
80.411682
80.293579
80.246887
80.318298
80.288086
80.263367
80.180969
80.131531
80.095825
80.049133
80.071106
80.126038
80.260620
80.348511
80.433655
80.551758
80.661621
80.776978
80.900574
81.032410
81.210938
81.238403
81.304321
81.372986
81.444397
81.491089
81.463623
81.617432
81.691589
81.804199
81.883850
81.936035
81.974487
82.056885
82.155762
82.229919
82.348022
82.457886
82.589722
82.694092
82.729797
82.743530
82.743530
82.740784
82.831421
82.924805
82.960510
83.040161
83.177490
83.204956
83.273621
83.303833
83.388977
83.408203
83.605957
83.855896
83.850403
83.938293
84.039917
84.119568
84.221191
84.278870
84.372253
84.520569
84.627686
84.674377
84.671631
84.630432
84.762268
84.960022
85.047913
85.179749
85.171509
85.207214
85.325317
85.413208
85.525818
85.619202
85.709839
85.737305
85.731812
85.783997
85.844421
85.852661
85.866394
85.944672
85.972137
86.025696
86.136932
86.187744
86.226196
86.255035
86.340179
86.395111
86.525574
86.561279
86.629944
86.767273
86.842804
86.927948
87.006226
87.048798
87.070770
87.081757
87.094116
87.187500
87.264404
87.271271
87.350922
87.375641
87.467651
87.544556
87.596741
87.686005
87.753296
87.791748
87.841187
87.889252
87.923584
87.993622
88.015594
88.089752
88.096619
88.130951
88.154297
88.185883
88.168030
88.137817
88.132324
88.082886
88.029327
87.990875
88.016968
88.025208
88.066406
88.044434
88.084259
88.044434
88.076019
88.129578
88.159790
88.176270
88.199615
88.140564
88.143311
88.253174
88.376770
88.505859
88.626709
88.750305
88.832703
88.840942
88.851929
88.835449
88.777771
88.780518
88.895874
88.802490
88.775024
88.873901
89.066162
89.137573
89.395752
89.642944
90.203247
90.401001
90.637207
90.955811
91.356812
91.614990
91.884155
92.103882
92.043457
91.625977
91.636963
92.252197
92.702637
93.197021
93.669434
94.339600
94.691162
95.251465
96.075439
96.591797
96.954346
97.316895
97.371826
96.888428
97.130127
97.064209
96.767578
96.097412
95.306396
95.075684
95.152588
94.691162
94.548340
94.735107
94.427490
94.174805
93.658447
93.350830
93.416748
93.251953
93.098145
93.186035
92.944336
92.735596
92.636719
92.636719
92.559814
92.466431
92.356567
92.356567
92.257690
92.169800
92.065430
91.950073
91.944580
91.845703
91.779785
91.818237
91.598511
91.406250
91.356812
91.301880
91.219482
91.170044
91.257935
91.367798
91.406250
91.609497
91.763306
91.895142
91.966553
92.131348
92.191772
92.241211
92.257690
92.488403
92.471924
92.340088
92.125854
91.961060
91.614990
91.285400
90.856934
90.494385
90.181274
89.884644
89.840698
89.840698
89.835205
89.829712
89.697876
89.615479
89.577026
89.384766
89.208984
89.099121
88.983765
89.027710
88.912354
88.725586
88.604736
88.417969
88.346558
88.494873
88.352051
88.165283
88.099365
88.253174
88.439941
88.681641
88.824463
88.978271
88.939819
88.494873
88.412476
88.236694
88.022461
88.181763
88.346558
88.538818
88.264160
88.571777
88.736572
88.736572
88.593750
88.549805
88.775024
88.742065
88.950806
88.851929
88.956299
88.934326
88.934326
88.972778
88.989258
89.060669
89.077148
89.016724
89.121094
89.000244
88.862915
88.714600
88.698120
88.687134
88.643188
88.593750
88.571777
88.494873
88.511353
88.439941
88.374023
88.291626
88.220215
88.299866
88.211975
88.119965
88.063660
88.063660
88.026581
87.978516
88.015594
88.044434
88.080139
88.132324
88.157043
88.183136
88.071899
88.010101
87.968903
87.896118
87.824707
87.765656
87.684631
87.565155
87.486877
87.464905
87.404480
87.269897
87.192993
87.122955
87.051544
86.977386
86.911469
86.853790
86.819458
86.856537
86.929321
86.966400
86.974640
87.024078
87.030945
87.052917
86.962280
86.870270
86.785126
86.805725
86.826324
86.750793
86.679382
86.598358
86.528320
86.466522
86.432190
86.399231
86.316833
86.234436
86.139679
86.013336
85.908966
85.810089
85.744171
85.681000
85.601349
85.531311
85.462646
85.389862
85.325317
85.277252
85.220947
85.166016
85.101471
85.052032
84.984741
84.927063
84.877625
84.837799
84.803467
84.785614
84.747162
84.703217
84.675751
84.620819
84.590607
84.559021
84.490356
84.456024
84.445038
84.380493
84.357147
84.318695
84.251404
84.182739
84.131927
84.126434
84.057770
83.975372
83.894348
83.854523
83.788605
83.722687
83.666382
83.614197
83.566132
83.546906
83.500214
83.456268
83.437042
83.410950
83.388977
83.349152
83.306580
83.265381
83.235168
83.178864
83.117065
83.055267
83.004456
82.990723
82.935791
82.872620
82.797089
82.740784
82.688599
82.639160
82.584229
82.536163
82.478485
82.424927
82.371368
82.331543
82.293091
82.276611
82.256012
82.262878
82.310944
82.367249
82.367249
82.349396
82.332916
82.317810
82.308197
82.239532
82.188721
82.137909
82.081604
82.017059
81.956635
81.883850
81.824799
81.787720
81.734161
81.675110
81.611938
81.561127
81.485596
81.412811
81.355133
81.296082
81.245270
81.219177
81.212311
81.204071
81.188965
81.169739
81.147766
81.128540
81.088715
81.043396
81.007690
81.000824
81.020050
80.952759
80.879974
80.822296
80.794830
80.786591
80.730286
80.647888
80.572357
80.517426
80.455627
80.404816
80.354004
80.314178
80.272980
80.249634
80.234528
80.219421
80.201569
80.164490
80.132904
80.105438
80.097198
80.083466
80.087585
80.073853
80.053253
80.047760
80.056000
80.065613
80.082092
80.091705
80.095825
80.110931
80.141144
80.158997
80.190582
80.179596
80.174103
80.168610
80.158997
80.142517
80.123291
80.123291
80.134277
80.141144
80.161743
80.187836
80.212555
80.238647
80.251007
80.230408
80.244141
80.272980
80.293579
80.318298
80.338898
80.348511
80.326538
80.305939
80.293579
80.281219
80.270233
80.255127
80.246887
80.244141
80.246887
80.226288
80.212555
80.196075
80.182343
80.167236
80.148010
80.130157
80.087585
80.049133
80.012054
79.980469
79.939270
79.902191
79.882965
79.863739
79.844513
79.833527
79.817047
79.887085
79.792328
79.777222
79.767609
79.759369
79.755249
79.773102
79.799194
79.817047
79.832153
79.839020
79.845886
79.854126
79.855499
79.855499
79.852753
79.855499
79.852753
79.855499
79.851379
79.854126
79.852753
79.856873
79.863739
79.866486
79.874725
79.882965
79.858246
79.815674
79.730530
79.642639
79.545135
79.443512
79.369354
79.299316
79.277344
79.240265
79.225159
79.230652
79.218292
74.523010
74.669952
32.656720
74.646606
74.663086
74.689178
74.687805
74.761963
74.821014
74.885559
74.940491
75.013275
75.027008
75.088806
75.121765
75.135498
75.187683
75.245361
75.245361
75.285187
75.315399
75.340118
75.322266
75.371704
75.373077
75.329132
75.322266
75.292053
75.267334
75.202789
75.169830
75.113525
75.065460
75.011902
74.970703
74.924011
74.889679
74.833374
31.960318
74.772949
74.720764
74.674072
74.642487
74.610901
74.579315
74.568329
74.555969
74.558716
74.517517
74.494171
74.528503
74.549103
74.591675
74.620514
74.590302
74.628754
74.654846
74.649353
74.604034
74.583435
74.544983
74.540863
74.533997
74.527130
74.524384
74.514771
74.544983
74.564209
74.608154
74.609528
74.654846
74.691925
74.702911
74.649353
74.598541
74.566956
74.543610
74.509277
74.457092
74.425507
74.373322
74.360962
74.323883
74.303284
74.271698
74.282684
74.233246
74.203033
74.152222
74.101410
74.080811
74.053345
74.017639
73.973694
73.966827
73.936615
73.885803
73.933868
73.964081
73.975067
73.928375
73.881683
73.832245
73.806152
73.730621
73.664703
73.600159
73.520508
73.455963
73.401031
73.380432
73.372192
73.358459
73.341980
73.336487
73.317261
73.306274
73.293915
73.273315
73.249969
73.229370
73.199158
73.175812
73.152466
73.129120
73.104401
73.079681
73.052216
73.023376
72.987671
72.953339
72.872314
72.810516
72.740479
72.674561
72.614136
72.563324
72.500153
72.427368
72.390289
72.354584
72.301025
72.259827
72.247467
72.220001
72.204895
72.147217
72.079926
72.026367
71.974182
71.934357
71.902771
71.665192
71.385040
71.214752
70.977173
70.876923
70.754700
70.687408
70.669556
70.598145
70.506134
70.378418
70.297394
70.232849
70.132599
70.029602
69.938965
69.856567
69.701385
69.590149
69.517365
69.491272
69.510498
69.728851
69.790649
69.896393
70.050201
70.113373
70.172424
70.190277
70.190277
70.169678
70.177917
70.150452
70.088654
70.102386
70.173798
70.268555
70.379791
70.526733
70.610504
70.647583
70.676422
70.669556
70.670929
70.735474
70.751953
70.886536
70.940094
71.102142
71.023865
70.985413
70.988159
71.007385
71.006012
71.034851
71.122742
71.117249
71.077423
71.032104
70.985413
70.876923
70.915375
70.842590
70.721741
70.621490
70.567932
70.562439
70.589905
70.561066
70.372925
70.117493
70.070801
70.024109
69.728851
69.592896
69.489899
69.443207
69.369049
69.316864
69.194641
69.097137
69.002380
68.941956
68.900757
68.866425
68.830719
68.768921
68.753815
68.381653
68.345947
68.280029
68.286896
68.241577
68.205872
68.201752
68.163300
68.172913
68.199005
68.308868
68.356934
68.421478
68.422852
68.394012
68.404999
68.486023
68.582153
68.760681
69.198761
69.325104
69.439087
69.698639
69.901886
69.901886
70.083160
70.245209
70.348206
70.360565
70.220490
70.182037
70.048828
69.889526
69.706879
69.620361
69.448700
69.481659
69.408875
69.308624
69.189148
69.084778
69.003754
68.969421
68.946075
68.962555
69.088898
69.289398
69.587402
69.702759
69.980164
70.139465
70.344086
70.658569
70.842590
70.989532
71.352081
71.519623
71.802521
72.108765
72.306519
72.601776
72.585983
72.590790
72.608643
72.626495
72.626495
72.588730
72.561264
72.574310
72.609329
72.612076
72.603836
72.617569
72.711639
72.750778
72.774811
72.813950
72.897720
72.886734
72.888107
72.833176
72.829056
72.795410
72.771378
72.762451
72.751465
72.742538
72.748718
72.739792
72.723312
72.712326
72.722626
72.693787
72.666321
72.677307
72.653275
72.656708
72.693787
72.711639
72.731552
72.728806
72.719193
72.735672
72.762451
72.783737
72.739105
72.760391
72.800217
72.796097
72.781677
72.785797
72.793350
72.807770
72.829056
72.823563
72.820129
72.820129
72.813950
72.795410
72.813950
72.826309
72.810516
72.811890
72.836609
72.843475
72.864075
72.884674
72.898407
72.914200
72.927933
72.943039
72.965012
72.957458
72.925873
72.913513
72.921066
72.941666
72.938232
72.922440
72.902527
72.874374
72.867508
72.865448
72.859268
72.866821
72.873688
72.885361
72.925186
72.928619
72.917633
72.915573
72.907333
72.897034
72.910080
72.919006
72.916260
72.921753
72.961578
72.960892
72.938232
72.944412
72.936172
72.977371
72.986984
72.973938
73.002090
72.996597
73.008957
73.020630
73.030930
73.048096
73.056335
73.072128
73.086548
73.094101
73.104401
73.121567
73.135300
73.135643
73.117104
73.120537
73.131523
73.130493
73.135986
73.145599
73.159676
73.165169
73.151779
73.142853
73.140793
73.152809
73.174782
73.192635
73.184395
73.187828
73.188171
73.187141
73.168602
73.179245
73.196411
73.207054
73.215637
73.221130
73.226280
73.221474
73.220100
73.195381
73.206367
73.218040
73.228683
73.241043
73.247223
73.242760
73.255119
73.260269
73.274345
73.280182
73.283958
73.287392
73.289795
73.284988
73.277092
73.258896
73.258896
73.275032
73.285675
73.281898
73.295288
73.294258
73.284302
73.288078
73.287392
73.287048
73.291855
73.290138
73.295631
73.298035
73.314857
73.314857
73.309364
73.306274
73.307648
73.308678
73.316231
73.317604
73.329277
73.334084
73.325157
73.323441
73.330994
73.326874
73.317947
73.324814
73.346100
73.370132
73.374939
73.391418
73.407898
73.426437
73.441544
73.458023
73.467636
73.489609
73.493042
73.505402
73.518448
73.567200
73.596039
73.618011
73.637924
73.659897
73.664017
73.655090
73.679123
73.694916
73.708649
73.726501
73.734741
73.742294
73.756027
73.771820
73.804092
73.809586
73.803406
73.842545
73.862457
73.866577
73.832245
73.793793
73.784866
73.807526
73.808899
73.838425
73.868637
73.891296
73.905716
73.918076
73.927002
73.937988
73.948975
73.940048
73.929062
73.927002
73.952408
73.976440
73.989487
74.023132
74.051971
74.045105
74.050598
74.073257
74.093857
74.103470
74.112396
74.127502
74.124756
74.104156
74.122009
74.147415
74.157715
74.194107
74.206467
74.224319
74.238052
74.254532
74.267578
74.283371
74.281311
74.276505
74.290237
74.306030
74.315643
74.317703
74.338303
74.353409
74.356842
74.371262
74.380188
74.384995
74.392548
74.402847
74.405594
74.412460
74.419670
74.424133
74.425850
74.428253
74.433403
74.438896
74.442329
74.448166
74.455719
74.464302
74.469109
74.472542
74.475632
74.476662
74.479065
74.482498
74.485245
74.487991
74.487305
74.487648
74.494514
74.497261
74.499664
74.502068
74.505501
74.508591
74.512024
74.516144
74.523010
74.529533
74.533997
74.542923
74.549789
74.557686
74.562492
74.568329
74.572792
74.578285
74.583092
74.590302
74.594078
74.596138
74.600258
74.606094
74.610214
74.618111
74.620857
74.625664
74.630470
74.634247
74.636993
74.640083
74.642830
74.643517
74.644890
74.648323
74.652443
74.663086
74.667549
74.668579
74.671669
74.673386
74.676132
74.677849
74.696045
74.698792
74.702911
74.696045
74.711151
74.718018
74.727631
74.733124
74.744110
74.755096
74.761963
74.768829
74.766083
74.775696
74.785309
74.788055
74.796295
74.804535
74.812775
74.819641
74.825134
74.841614
74.848480
74.858093
74.867020
74.875259
74.881439
74.895172
74.908905
74.924011
74.934998
74.944611
74.956970
74.970703
74.981689
74.999542
75.011902
75.031128
75.058594
75.069580
75.081940
75.092926
75.109406
75.123138
75.140991
75.153351
75.165710
75.179443
75.201416
75.230255
75.263214
75.283813
75.314026
75.341492
75.363464
75.389557
75.419769
75.451355
75.459595
75.492554
75.520020
75.543365
75.552979
75.562592
75.580444
75.592804
75.605164
75.620270
75.639496
75.673828
75.701294
75.723267
75.737000
75.753479
75.753479
75.771332
75.782318
75.794678
75.805664
75.824890
75.829010
75.839996
75.848236
75.852356
75.861969
75.864716
75.874329
75.878448
75.886688
75.893555
75.899048
75.904541
75.915527
75.927887
75.944366
75.951233
75.959473
75.973206
75.986938
75.993805
76.007538
76.021271
76.039124
76.048737
76.062469
76.074829
76.085815
76.095428
76.105042
76.116028
76.120148
76.128387
76.133881
76.139374
76.150360
76.159973
76.173706
76.176453
76.183319
76.191559
76.197052
76.209412
76.217651
76.231384
76.246490
76.251984
76.264343
76.272583
76.273956
76.279449
76.282196
76.287689
76.291809
76.302795
76.298676
76.302795
76.306915
76.316528
76.320648
76.334381
76.343994
76.350861
76.364594
76.376953
76.392059
76.398926
76.416779
76.429138
76.438751
76.451111
76.459351
76.473083
76.489563
76.490936
76.503296
76.519775
76.529388
76.536255
76.543121
76.563721
76.598053
76.615906
76.632385
76.648865
76.663971
76.687317
76.699677
76.706543
76.717529
76.732635
76.751862
76.764221
76.780701
76.795807
76.804047
76.824646
76.824646
76.842499
76.857605
76.869965
76.883698
76.897430
76.919403
76.938629
76.959229
76.967468
76.981201
77.001801
77.029266
77.052612
77.075958
77.093811
77.113037
77.139130
77.156982
77.173462
77.192688
77.217407
77.232513
77.261353
77.280579
77.303925
77.312164
77.338257
77.362976
77.390442
77.411041
77.433014
77.453613
77.478333
77.507172
77.531891
77.542877
77.555237
77.553864
77.574463
77.563477
77.586823
77.654114
77.713165
77.776337
77.798309
77.853241
77.906799
77.942505
77.985077
78.035889
78.074341
78.059235
78.078461
78.105927
78.130646
78.129272
78.130646
78.152618
78.134766
78.137512
78.152618
78.152618
78.204803
78.235016
78.206177
78.186951
78.173218
78.177338
78.175964
78.200684
78.233643
78.270721
78.313293
78.370972
78.416290
78.465729
78.520660
78.575592
78.644257
78.706055
78.730774
78.787079
78.826904
78.866730
78.907928
78.936768
78.976593
79.013672
79.060364
79.089203
79.131775
79.161987
79.185333
79.175720
79.205933
79.229279
79.252625
79.302063
79.339142
79.378967
79.431152
79.388580
79.373474
79.343262
79.317169
79.335022
79.322662
79.295197
79.275970
79.249878
79.219666
79.194946
79.160614
79.137268
79.096069
79.063110
79.027405
78.991699
78.964233
78.946381
78.925781
78.912048
78.902435
78.917542
78.924408
78.925781
78.931274
78.955994
78.975220
78.986206
79.019165
79.041138
79.061737
79.083710
79.104309
79.145508
79.163361
79.192200
79.211426
79.232025
79.249878
79.252625
79.234772
79.230652
79.241638
79.264984
79.284210
79.281464
79.321289
79.356995
79.381714
79.450378
79.530029
79.617920
79.687958
79.741516
79.807434
79.865112
79.887085
79.887085